0
0
0
0
0
2/19
0
0
0
0
0
3/27
0
1/31
0
1/23
0
0
1/5
0
0
2/19
0
0
0
0
2/71
0
4/53
0
1/5
1/11
0
1/11
0
0
1/11
0
0
4/29
0
0
1/15
0
0
0
0
0
2/19
0
1/15
0
0
1/5
0
0
0
1/31
0
0
0
0
1/11
0
0
0
1/11
0
0
1/31
0
0
0
1/11
2/19
0
0
0
0
0
0
2/23
0
0
0
1/11
2/19
0
0
1/15
0
0
0
0
0
1/23
0
2/19
0
0
1/7
12/125
0
0
0
0
0
0
0
0
0
0
1/5
0
0
2/23
0
0
0
2/47
2/23
0
0
0
0
1/11
0
0
0
0
0
0
0
1/47
3/55
1/23
0
0
0
0
0
0
1/15
0
0
0
0
0
2/19
1/5
0
0
0
1/11
1/11
0
0
1/15
0
0
0
1/11
0
0
0
0
0
0
0
2/17
0
0
0
0
0
0
0
0
0
1/31
0
0
1/23
0
0
0
1/23
0
1/23
0
0
0
0
0
1/11
0
0
0
1/31
0
0
0
4/59
0
0
0
0
1/5
1/11
1/31
0
0
1/11
0
0
1/11
1/15
1/5
0
0
0
0
0
0
0
0
1/23
0
0
0
0
0
0
0
1/11
1/11
3/39
0
4/29
1/11
1/7
0
0
0
0
0
0
1/23
0
0
0
0
0
0
0
0
0
1/7
0
0
1/23
1/11
1/23
0
0
0
0
0
2/17
0
0
0
2/95
0
1/47
0
0
1/47
0
0
0
0
0
1/15
0
0
0
0
0
0
0
0
0
0
0
0
0
0
0
0
0
0
2/35
2/63
1/15
1/5
0
0
0
0
0
0
0
0
0
1/5
0
0
0
0
0
1/7
1/15
0
2/9
0
0
1/15
0
2/23
0
0
0
0
0
0
0
1/11
0
0
0
1/11
3/39
0
1/5
0
0
0
0
0
0
0
0
0
0
0
1/11
1/31
0
0
0
1/11
0
0
1/23
0
1/15
1/15
0
0
0
0
0
2/17
0
0
2/35
0
0
0
2/9
0
2/35
1/31
0
6/63
0
0
1/7
0
0
0
1/15
4/39
0
0
3/31
0
0
0
0
0
4/119
0
0
1/7
0
0
0
0
2/17
0
0
0
6/107
0
0
0
0
0
0
0
1/11
2/11
0
0
1/23
0
0
0
0
1/11
0
2/17
2/35
0
0
0
0
2/19
0
1/23
1/7
1/7
0
0
0
0
0
0
0
0
1/23
0
0
0
0
0
2/23
0
0
1/15
0
0
3/29
1/11
0
1/5
0
0
4/59
0
0
0
0
0
0
0
0
0
0
1/11
0
1/11
1/11
0
0
0
1/15
0
0
0
2/9
0
0
2/35
0
0
0
1/7
0
0
0
0
2/17
0
1/15
0
0
0
0
0
0
0
1/11
0
1/23
0
1/11
0
1/11
0
1/5
2/95
0
2/47
0
0
0
0
0
0
0
0
0
0
0
0
1/11
0
0
0
0
0
0
0
0
0
0
0
0
1/11
1/23
0
0
0
0
0
2/9
3/27
0
2/19
0
1/5
0
0
0
0
2/39
3/13
0
1/11
0
0
1/5
0
0
2/9
0
2/35
0
1/5
0
0
0
0
0
0
1/23
0
0
0
0
0
0
1/11
2/17
0
0
1/5
0
0
0
0
0
0
0
0
0
1/11
0
0
0
0
1/7
0
0
0
0
0
0
0
0
8/53
0
1/7
0
0
1/11
0
0
0
0
0
2/23
0
0
1/15
4/71
0
0
0
0
0
0
0
0
0
0
0
0
0
1/5
0
0
0
0
0
0
0
2/39
0
0
0
0
0
0
0
0
0
0
0
0
0
0
2/19
0
2/31
0
1/31
1/5
1/5
1/63
1/11
0
0
0
0
1/11
3/15
3/27
0
0
0
0
1/23
0
0
0
1/15
5/43
0
2/35
1/31
0
0
0
1/5
1/7
0
1/47
0
0
1/23
0
0
1/11
0
0
2/23
0
0
1/7
0
1/15
0
1/15
0
0
0
0
0
0
0
0
0
0
1/7
0
0
0
0
0
0
0
1/15
2/23
1/7
0
0
0
0
1/31
0
0
0
0
1/11
0
0
0
0
0
0
0
0
0
0
2/9
0
0
1/11
0
1/11
0
0
1/7
0
20/107
0
1/23
2/47
0
0
0
0
0
0
1/23
0
0
0
0
0
0
2/19
1/5
1/11
0
1/23
1/11
1/15
0
0
0
0
0
0
0
0
0
0
0
0
0
0
0
0
0
0
0
3/13
0
0
0
0
0
0
0
0
0
0
0
0
0
1/5
1/63
0
0
1/15
0
0
0
0
1/23
0
0
0
2/11
0
1/7
0
1/23
0
1/15
0
0
0
0
16/119
0
0
0
0
2/47
0
0
1/23
0
0
0
0
0
0
0
0
1/7
0
0
0
1/5
0
0
1/47
2/35
0
0
0
0
0
0
0
0
0
0
1/11
0
0
0
0
0
0
0
0
2/23
0
0
0
0
0
4/29
0
1/23
0
1/15
0
0
3/79
0
0
0
0
0
0
2/9
1/11
0
0
0
0
0
0
0
4/71
0
0
0
0
0
1/15
0
0
0
2/39
1/5
0
0
0
0
0
0
0
6/55
0
2/19
0
0
0
1/11
0
0
0
0
1/11
0
0
0
0
0
0
0
0
0
2/19
0
2/19
0
2/35
0
0
0
2/23
0
0
0
0
0
4/35
0
0
0
0
1/11
0
0
0
1/5
0
1/11
0
3/119
0
0
0
0
0
0
0
0
0
0
0
0
0
0
0
0
0
0
2/19
0
0
0
0
0
0
0
0
0
0
0
1/15
0
3/55
0
0
0
0
0
0
6/59
0
0
0
4/19
0
0
0
0
0
0
0
0
0
0
1/31
1/5
0
0
0
0
0
0
2/19
0
0
0
0
0
0
0
0
0
0
0
2/47
0
2/19
0
0
0
0
2/47
3/27
0
1/31
0
0
0
1/7
1/7
0
0
0
0
0
0
0
0
0
0
0
1/11
0
0
0
0
0
0
0
0
0
0
0
0
2/23
2/35
0
0
0
0
2/47
0
0
1/5
0
1/47
0
1/47
2/47
0
1/11
0
0
0
0
2/19
0
0
1/11
0
1/11
0
0
1/47
1/15
0
0
2/11
0
2/47
4/17
0
0
0
0
0
0
0
0
1/11
0
0
0
0
8/107
1/11
0
0
2/47
1/11
0
1/7
0
4/29
0
0
0
0
0
2/95
0
2/19
0
0
0
0
0
0
0
1/11
0
3/55
2/17
0
0
0
0
0
0
0
0
0
0
0
0
0
0
2/19
1/11
0
0
2/17
1/15
0
2/19
0
0
0
0
0
0
1/31
0
0
1/31
0
0
4/71
0
1/23
0
0
0
0
1/23
0
0
0
0
0
0
0
0
1/5
0
0
2/47
0
0
0
0
0
1/5
3/39
0
0
0
0
0
0
0
0
0
2/19
0
0
1/23
1/7
0
0
0
0
0
0
0
1/7
0
0
0
0
0
0
1/15
0
0
0
0
0
4/59
0
0
1/11
1/5
0
1/11
0
0
0
0
0
0
4/59
0
0
0
0
2/9
1/11
0
1/23
0
0
0
0
0
1/5
0
0
0
0
0
0
0
2/39
0
2/23
1/11
0
0
0
0
0
0
0
0
0
2/35
1/15
0
0
0
0
0
0
0
1/5
2/39
0
0
0
12/77
0
0
0
0
0
0
0
1/31
1/11
0
1/11
0
0
0
0
0
0
0
0
0
0
0
0
0
0
0
1/11
0
4/35
0
0
1/23
0
0
2/23
0
1/11
0
0
0
0
1/11
0
0
0
0
1/11
0
0
0
0
1/7
0
0
0
0
1/11
0
1/15
0
0
1/11
0
3/29
0
0
0
0
0
0
0
2/79
2/23
0
0
0
0
3/27
0
0
0
0
0
0
0
0
0
0
0
1/11
0
0
1/7
0
2/19
1/11
1/15
0
0
0
4/29
2/23
0
0
0
0
0
